Nombre de sommets : 5
Nombre d'arcs : 11


Resultat de l'algorithme de Bellman :

+-----+---------+---------+---------+---------+----------+
|     |    0    |    1    |    2    |    3    |    4     |
+-----+---------+---------+---------+---------+----------+
|  1  |  0(0)   |    +    |    +    |    +    |    +     |
+-----+---------+---------+---------+---------+----------+
|  2  |  0(0)   |  1(0)   |  4(0)   |  8(0)   |  13(0)   |
+-----+---------+---------+---------+---------+----------+
|  3  |  0(0)   |  1(0)   |  3(1)   |  7(1)   |  12(1)   |
+-----+---------+---------+---------+---------+----------+
|  4  |  0(0)   |  1(0)   |  3(1)   |  6(2)   |  11(2)   |
+-----+---------+---------+---------+---------+----------+
|  5  |  0(0)   |  1(0)   |  3(1)   |  6(2)   |  10(3)   |
+-----+---------+---------+---------+---------+----------+

Matrice d'adjacence : 

+-----+-----+-----+-----+-----+-----+
|     |  0  |  1  |  2  |  3  |  4  |
+-----+-----+-----+-----+-----+-----+
|  0  |  0  |  1  |  1  |  1  |  1  |
+-----+-----+-----+-----+-----+-----+
|  1  |  0  |  0  |  1  |  1  |  1  |
+-----+-----+-----+-----+-----+-----+
|  2  |  0  |  0  |  0  |  1  |  1  |
+-----+-----+-----+-----+-----+-----+
|  3  |  0  |  0  |  0  |  0  |  1  |
+-----+-----+-----+-----+-----+-----+
|  4  |  1  |  0  |  0  |  0  |  0  |
+-----+-----+-----+-----+-----+-----+
