Nombre de sommets : 6
Nombre d'arcs : 9


Resultat de l'algorithme de Bellman :

+-----+----------+----------+---------+---------+---------+---------+
|     |    0     |    1     |    2    |    3    |    4    |    5    |
+-----+----------+----------+---------+---------+---------+---------+
|  1  |    +     |    +     |    +    |    +    |    +    |  0(0)   |
+-----+----------+----------+---------+---------+---------+---------+
|  2  |    +     |    +     |    +    |    +    |  5(5)   |  0(0)   |
+-----+----------+----------+---------+---------+---------+---------+
|  3  |  10(4)   |    +     |    +    |  6(4)   |  5(5)   |  0(0)   |
+-----+----------+----------+---------+---------+---------+---------+
|  4  |  10(4)   |  15(0)   |  7(3)   |  6(4)   |  5(5)   |  0(0)   |
+-----+----------+----------+---------+---------+---------+---------+
|  5  |  10(4)   |  8(2)    |  7(3)   |  6(4)   |  5(5)   |  0(0)   |
+-----+----------+----------+---------+---------+---------+---------+
|  6  |  10(4)   |  8(2)    |  7(3)   |  6(4)   |  3(1)   |  0(0)   |
+-----+----------+----------+---------+---------+---------+---------+

Matrice d'adjacence : 

+-----+-----+-----+-----+-----+-----+-----+
|     |  0  |  1  |  2  |  3  |  4  |  5  |
+-----+-----+-----+-----+-----+-----+-----+
|  0  |  0  |  1  |  0  |  0  |  0  |  0  |
+-----+-----+-----+-----+-----+-----+-----+
|  1  |  1  |  0  |  1  |  0  |  1  |  0  |
+-----+-----+-----+-----+-----+-----+-----+
|  2  |  0  |  1  |  0  |  0  |  0  |  0  |
+-----+-----+-----+-----+-----+-----+-----+
|  3  |  0  |  0  |  1  |  0  |  0  |  0  |
+-----+-----+-----+-----+-----+-----+-----+
|  4  |  1  |  0  |  0  |  1  |  0  |  0  |
+-----+-----+-----+-----+-----+-----+-----+
|  5  |  0  |  0  |  0  |  0  |  1  |  0  |
+-----+-----+-----+-----+-----+-----+-----+
