Nombre de sommets : 8
Nombre d'arcs : 12


Resultat de l'algorithme de Bellman :

+-----+---------+---------+---------+----------+----------+---------+---------+----------+
|     |    0    |    1    |    2    |    3     |    4     |    5    |    6    |    7     |
+-----+---------+---------+---------+----------+----------+---------+---------+----------+
|  1  |  0(0)   |    +    |    +    |    +     |    +     |    +    |    +    |    +     |
+-----+---------+---------+---------+----------+----------+---------+---------+----------+
|  2  |  0(0)   |  5(0)   |    +    |    +     |    +     |    +    |    +    |    +     |
+-----+---------+---------+---------+----------+----------+---------+---------+----------+
|  3  |  0(0)   |  5(0)   |  5(1)   |    +     |  10(1)   |  6(1)   |    +    |    +     |
+-----+---------+---------+---------+----------+----------+---------+---------+----------+
|  4  |  0(0)   |  5(0)   |  5(1)   |    +     |  8(5)    |  6(1)   |  6(2)   |    +     |
+-----+---------+---------+---------+----------+----------+---------+---------+----------+
|  5  |  0(0)   |  5(0)   |  5(1)   |    +     |  8(5)    |  6(1)   |  6(2)   |  10(6)   |
+-----+---------+---------+---------+----------+----------+---------+---------+----------+
|  6  |  0(0)   |  5(0)   |  5(1)   |  11(7)   |  8(5)    |  6(1)   |  6(2)   |  10(6)   |
+-----+---------+---------+---------+----------+----------+---------+---------+----------+
|  7  |  0(0)   |  5(0)   |  5(1)   |  11(7)   |  8(5)    |  6(1)   |  5(3)   |  10(6)   |
+-----+---------+---------+---------+----------+----------+---------+---------+----------+
|  8  |  0(0)   |  5(0)   |  5(1)   |  11(7)   |  8(5)    |  6(1)   |  5(3)   |  9(6)    |
+-----+---------+---------+---------+----------+----------+---------+---------+----------+

Matrice d'adjacence : 

+-----+-----+-----+-----+-----+-----+-----+-----+-----+
|     |  0  |  1  |  2  |  3  |  4  |  5  |  6  |  7  |
+-----+-----+-----+-----+-----+-----+-----+-----+-----+
|  0  |  0  |  1  |  0  |  0  |  0  |  0  |  0  |  0  |
+-----+-----+-----+-----+-----+-----+-----+-----+-----+
|  1  |  0  |  0  |  1  |  0  |  1  |  1  |  0  |  0  |
+-----+-----+-----+-----+-----+-----+-----+-----+-----+
|  2  |  0  |  0  |  0  |  0  |  0  |  0  |  1  |  0  |
+-----+-----+-----+-----+-----+-----+-----+-----+-----+
|  3  |  0  |  0  |  1  |  0  |  0  |  0  |  1  |  0  |
+-----+-----+-----+-----+-----+-----+-----+-----+-----+
|  4  |  1  |  0  |  0  |  0  |  0  |  0  |  0  |  0  |
+-----+-----+-----+-----+-----+-----+-----+-----+-----+
|  5  |  0  |  0  |  0  |  0  |  1  |  0  |  1  |  0  |
+-----+-----+-----+-----+-----+-----+-----+-----+-----+
|  6  |  0  |  0  |  0  |  0  |  0  |  0  |  0  |  1  |
+-----+-----+-----+-----+-----+-----+-----+-----+-----+
|  7  |  0  |  0  |  0  |  1  |  0  |  0  |  0  |  0  |
+-----+-----+-----+-----+-----+-----+-----+-----+-----+
