Nombre de sommets : 8
Nombre d'arcs : 12


Resultat de l'algorithme de Bellman :

+-----+----------+---------+---------+----------+----------+---------+---------+----------+
|     |    0     |    1    |    2    |    3     |    4     |    5    |    6    |    7     |
+-----+----------+---------+---------+----------+----------+---------+---------+----------+
|  1  |  0(0)    |    +    |    +    |    +     |    +     |    +    |    +    |    +     |
+-----+----------+---------+---------+----------+----------+---------+---------+----------+
|  2  |  0(0)    |  5(0)   |    +    |    +     |    +     |    +    |    +    |    +     |
+-----+----------+---------+---------+----------+----------+---------+---------+----------+
|  3  |  0(0)    |  5(0)   |  5(1)   |    +     |  -5(1)   |  6(1)   |    +    |    +     |
+-----+----------+---------+---------+----------+----------+---------+---------+----------+
|  4  |  -2(4)   |  5(0)   |  5(1)   |    +     |  -5(1)   |  6(1)   |  6(2)   |    +     |
+-----+----------+---------+---------+----------+----------+---------+---------+----------+
|  5  |  -2(4)   |  3(0)   |  5(1)   |    +     |  -5(1)   |  6(1)   |  6(2)   |  10(6)   |
+-----+----------+---------+---------+----------+----------+---------+---------+----------+
|  6  |  -2(4)   |  3(0)   |  3(1)   |  11(7)   |  -7(1)   |  4(1)   |  6(2)   |  10(6)   |
+-----+----------+---------+---------+----------+----------+---------+---------+----------+
|  7  |  -4(4)   |  3(0)   |  3(1)   |  11(7)   |  -7(1)   |  4(1)   |  4(2)   |  10(6)   |
+-----+----------+---------+---------+----------+----------+---------+---------+----------+
|  8  |  -4(4)   |  1(0)   |  3(1)   |  11(7)   |  -7(1)   |  4(1)   |  4(2)   |  8(6)    |
+-----+----------+---------+---------+----------+----------+---------+---------+----------+

Matrice d'adjacence : 

+-----+-----+-----+-----+-----+-----+-----+-----+-----+
|     |  0  |  1  |  2  |  3  |  4  |  5  |  6  |  7  |
+-----+-----+-----+-----+-----+-----+-----+-----+-----+
|  0  |  0  |  1  |  0  |  0  |  0  |  0  |  0  |  0  |
+-----+-----+-----+-----+-----+-----+-----+-----+-----+
|  1  |  0  |  0  |  1  |  0  |  1  |  1  |  0  |  0  |
+-----+-----+-----+-----+-----+-----+-----+-----+-----+
|  2  |  0  |  0  |  0  |  0  |  0  |  0  |  1  |  0  |
+-----+-----+-----+-----+-----+-----+-----+-----+-----+
|  3  |  0  |  0  |  1  |  0  |  0  |  0  |  1  |  0  |
+-----+-----+-----+-----+-----+-----+-----+-----+-----+
|  4  |  1  |  0  |  0  |  0  |  0  |  0  |  0  |  0  |
+-----+-----+-----+-----+-----+-----+-----+-----+-----+
|  5  |  0  |  0  |  0  |  0  |  1  |  0  |  1  |  0  |
+-----+-----+-----+-----+-----+-----+-----+-----+-----+
|  6  |  0  |  0  |  0  |  0  |  0  |  0  |  0  |  1  |
+-----+-----+-----+-----+-----+-----+-----+-----+-----+
|  7  |  0  |  0  |  0  |  1  |  0  |  0  |  0  |  0  |
+-----+-----+-----+-----+-----+-----+-----+-----+-----+
